19 23 71 19 11 61 11 

97 47 73 61 7 11 5 47 7 23 43 17 23 67 5 47 61 61 11 5 71 23 13 71 19 11 43 73 41 3 11 61 67 3 11 37 47 83 2 61 11 13 61 47 41 101 11 61 47 71 47 71 19 61 11 11 
103 107 109 113 

97 47 73 83 23 37 37 43 11 11 7 71 19 11 67 11 71 47 3 61 11 2 31 71 19 11 61 67 2 11 43 5 61 97 53 71 23 47 43 13 61 47 41 13 23 61 67 71 53 61 23 43 5 23 53 37 11 67 

11 
139 137 131 127 113 
43 
127 109 127 151 109 131 151 113 137 107 103 137 137 113 107 151 149 109 139 107 151 109 113 113 107 151 127 109 151 103 109 139 103 107 127 139 127 139 139 139 139 137 139 103 109 131 151 103 149 127 113 113 151 151 109 113 107 151 127 113 113 131 127 127 103 127 139 127 151 113 107 107 103 137 139 137 139 151 109 109 103 113 137 113 139 109 139 151 151 137 109 139 137 151 109 109 103 137 151 109 103 113 139 139 127 151 131 151 139 113 149 137 113 113 151 139 127 139 139 137 151 139 137 113 127 137 127 151 109 113 107 127 107 137 103 151 107 131 149 137 127 151 127 137 109 109 113 149 139 151 103 139 103 127 151 107 113 113 149 139 109 139 127 109 127 149 139 107 127 107 131 139 131 151 127 127 113 109 107 127 113 107 131 109 109 127 131 151 109 109 103 113 137 127 149 139 103 113 103 109 149 149 149 103 113 

71 19 11 2 3 47 79 11 53 73 3 37 23 5 31 11 97 23 67 67 41 2 37 37 71 19 11 61 11 13 47 61 11 71 19 11 41 11 67 67 2 17 11 3 11 37 47 83 23 67 11 2 67 23 37 97 3 61 11 2 31 2 3 37 11 
109 109 127 107 149 107 113 149 103 151 151 103 103 103 113 149 127 149 103 127 137 127 109 131 139 127 127 151 151 131 113 139 127 127 107 107 131 139 107 113 137 137 103 151 131 113 127 113 139 151 107 109 139 137 137 127 127 127 113 149 107 127 131 107 113 131 139 107 149 131 107 103 109 149 103 127 137 113 109 151 139 107 151 139 139 113 149 137 109 137 131 103 113 109 103 127 137 103 127 137 109 149 137 139 131 137 109 139 107 109 151 131 139 107 103 107 103 131 131 137 109 127 151 109 103 139 149 107 113 131 109 139 131 151 139 149 131 149 131 103 151 103 149 103 149 151 109 127 127 107 107 107 137 151 137 109 131 137 149 131 103 103 131 137 151 149 107 127 107 107 131 137 107 131 137 151 151 103 149 151 113 137 139 151 107 103 131 127 103 151 109 107 109 109 107 113 109 131 137 131 103 137 103 137 107 

